    0/99     542/542      1.21      1.12      14.1      1.01      17.4        26      3.56       0.33      0.429      0.294
    1/99     542/542     0.749     0.395     0.825     0.337      2.31        25     0.266      0.387       0.45      0.332
    2/99     542/542     0.665     0.329     0.727     0.269      1.99        26     0.269      0.395      0.467      0.351
    3/99     542/542     0.617     0.295     0.668     0.232      1.81        26     0.264       0.37      0.506      0.363
    4/99     542/542     0.579      0.27     0.639     0.195      1.68        25     0.274      0.385      0.516      0.381
    5/99     542/542     0.556     0.254     0.607     0.181       1.6        26     0.268      0.401      0.478      0.362
    6/99     542/542     0.539     0.244     0.591     0.165      1.54        25     0.266      0.403      0.478      0.355
    7/99     542/542     0.518     0.231      0.58     0.151      1.48        26     0.267      0.345      0.504      0.361
    8/99     542/542     0.501      0.22     0.561     0.133      1.42        26     0.264       0.37      0.505      0.381
    9/99     542/542     0.488     0.216     0.551     0.125      1.38        26     0.264      0.384      0.484      0.372
   10/99     542/542     0.476     0.209     0.542     0.119      1.35        26     0.265      0.374      0.484      0.369
   11/99     542/542     0.475     0.207     0.526     0.113      1.32        26     0.266      0.376      0.512      0.378
   12/99     542/542     0.462     0.199     0.517     0.103      1.28        25     0.263       0.36      0.541      0.394
   13/99     542/542     0.455     0.197     0.513     0.102      1.27        26     0.266      0.367      0.488      0.365
   14/99     542/542     0.448      0.19     0.502     0.096      1.24        26     0.263      0.442      0.491      0.377
   15/99     542/542     0.442     0.189     0.498    0.0972      1.23        25     0.262      0.373      0.469      0.354
   16/99     542/542     0.426     0.184     0.491    0.0869      1.19        25      0.27      0.372      0.499      0.377
   17/99     542/542     0.419     0.182     0.485    0.0893      1.17        25     0.264      0.377       0.49      0.362
   18/99     542/542      0.42     0.178     0.476    0.0854      1.16        26     0.265      0.393      0.516      0.382
   19/99     542/542      0.41     0.172      0.47    0.0809      1.13        26     0.264      0.397      0.519      0.386
