   0/269   2620/2620     0.689     0.813      9.52      3.51      14.5         2      2.78      0.289      0.359       0.28
   1/269   2620/2620     0.354     0.251      0.28     0.563      1.45         2     0.155      0.502      0.684      0.571
   2/269   2620/2620     0.307     0.186     0.246      0.37      1.11         2     0.155      0.606      0.591      0.533
   3/269   2620/2620     0.282     0.156     0.222     0.268     0.928         2     0.147      0.569      0.666      0.613
   4/269   2620/2620     0.266     0.138     0.213     0.242     0.859         2      0.15      0.682      0.607      0.565
   5/269   2620/2620     0.258     0.125     0.204     0.214     0.802         2     0.146      0.538      0.556      0.538
   6/269   2620/2620     0.245      0.12     0.199     0.193     0.756         2     0.147      0.709      0.774      0.696
   7/269   2620/2620      0.24     0.113     0.192      0.18     0.724         2     0.145      0.587      0.551      0.479
   8/269   2620/2620     0.231     0.105     0.187     0.147      0.67         2     0.155      0.745       0.72      0.622
   9/269   2620/2620     0.224     0.101     0.181     0.145     0.652         2     0.155      0.567        0.6        0.5
  10/269   2620/2620     0.215     0.098     0.178     0.131     0.622         2     0.145      0.562       0.64      0.556
  11/269   2620/2620     0.211    0.0953     0.176     0.135     0.618         2     0.146      0.692      0.752      0.686
  12/269   2620/2620     0.207    0.0926     0.173     0.126     0.599         2     0.147      0.714      0.688      0.625
  13/269   2620/2620     0.203    0.0912     0.172     0.128     0.594         2     0.146      0.638      0.675      0.602
  14/269   2620/2620     0.201    0.0888     0.168     0.119     0.577         2     0.145      0.609      0.657      0.597
  15/269   2620/2620     0.194    0.0876     0.166     0.114     0.561         2     0.146      0.527      0.609      0.523
  16/269   2620/2620     0.191    0.0849     0.163     0.106     0.545         2     0.145       0.62      0.756       0.65
  17/269   2620/2620     0.187    0.0837     0.164     0.113     0.547         2     0.146       0.72      0.878      0.786
  18/269   2620/2620     0.182    0.0829     0.161     0.107     0.533         2     0.145      0.584       0.69      0.601
  19/269   2620/2620      0.18    0.0806     0.159     0.109     0.528         2     0.146      0.561      0.561      0.475
  20/269   2620/2620     0.177    0.0791     0.158     0.103     0.517         2     0.146      0.628      0.669      0.577
  21/269   2620/2620     0.173    0.0787     0.155     0.101     0.508         2     0.144      0.746      0.853      0.718
  22/269   2620/2620     0.171    0.0775     0.154     0.103     0.506         2     0.145      0.631      0.715      0.665
  23/269   2620/2620     0.168    0.0752     0.152     0.105       0.5         2     0.143      0.548      0.619      0.562
  24/269   2620/2620     0.163    0.0747     0.152    0.0855     0.475         2     0.143      0.656      0.726      0.688
  25/269   2620/2620     0.159    0.0733      0.15    0.0866      0.47         2     0.143      0.708      0.716       0.68
  26/269   2620/2620     0.156    0.0719     0.145    0.0843     0.457         2     0.144      0.742      0.835      0.755
  27/269   2620/2620     0.157    0.0718     0.147    0.0964     0.472         2     0.144      0.667      0.803      0.706
  28/269   2620/2620     0.155    0.0718     0.148    0.0916     0.467         2     0.145      0.695      0.784       0.74
  29/269   2620/2620     0.148    0.0704     0.144    0.0825     0.445         2     0.144      0.719      0.695      0.624
  30/269   2620/2620     0.149    0.0712     0.147    0.0883     0.455         2     0.143      0.598      0.715      0.649
  31/269   2620/2620     0.152    0.0719     0.145     0.098     0.467         2     0.145      0.585      0.741      0.673
  32/269   2620/2620     0.146    0.0699     0.143    0.0846     0.443         2     0.145      0.649       0.63      0.558
  33/269   2620/2620     0.143    0.0694     0.142    0.0817     0.436         2     0.143      0.688      0.693      0.635
  34/269   2620/2620     0.142    0.0685     0.142    0.0847     0.438         2     0.144       0.68      0.667      0.592
  35/269   2620/2620      0.14    0.0671     0.139    0.0831     0.429         2     0.148      0.738      0.701      0.657
  36/269   2620/2620     0.138    0.0669     0.138    0.0853     0.429         2     0.149      0.695      0.739      0.704
  37/269   2620/2620     0.137    0.0675      0.14    0.0818     0.426         2     0.145      0.664      0.691      0.656
  38/269   2620/2620     0.138    0.0672     0.139    0.0885     0.432         2     0.145      0.745      0.705      0.637
  39/269   2620/2620     0.132    0.0652     0.137     0.079     0.413         2     0.145      0.702      0.757      0.684
  40/269   2620/2620      0.13    0.0646     0.135    0.0795      0.41         2     0.144      0.709      0.643       0.61
  41/269   2620/2620     0.132    0.0648     0.135    0.0837     0.416         2     0.143      0.694      0.581      0.557
  42/269   2620/2620     0.134     0.066     0.138     0.084     0.422         2     0.144      0.658      0.712      0.636
  43/269   2620/2620     0.126    0.0639     0.134    0.0757     0.401         2     0.144      0.523      0.663       0.59
  44/269   2620/2620     0.128    0.0637     0.134    0.0814     0.407         2     0.143      0.769      0.739      0.662
  45/269   2620/2620     0.127    0.0645     0.133    0.0777     0.402         2     0.143      0.591       0.69      0.645
  46/269   2620/2620     0.133     0.066     0.138    0.0955     0.433         2     0.145      0.598      0.678      0.612
  47/269   2620/2620     0.128    0.0635     0.135    0.0783     0.404         2     0.145      0.679      0.745      0.659
  48/269   2620/2620     0.124    0.0626     0.132     0.075     0.393         2     0.145      0.691      0.673      0.608
  49/269   2620/2620     0.121    0.0611     0.131     0.074     0.387         2     0.145      0.671      0.848      0.797
  50/269   2620/2620     0.121    0.0616      0.13    0.0749     0.387         2     0.146       0.72      0.706      0.646
  51/269   2620/2620     0.119    0.0618      0.13    0.0748     0.386         2     0.145      0.582      0.657      0.582
  52/269   2620/2620     0.122    0.0619      0.13    0.0839     0.398         2     0.145        0.5      0.657      0.615
  53/269   2620/2620     0.118    0.0617     0.129    0.0784     0.387         2     0.145      0.675      0.665      0.615
  54/269   2620/2620     0.177    0.0832     0.167     0.231     0.658         2     0.149      0.732      0.801      0.739
  55/269   2620/2620     0.142    0.0687     0.143     0.093     0.447         2     0.146      0.685      0.748      0.681
  56/269   2620/2620     0.133    0.0648     0.138    0.0885     0.424         2     0.146      0.579      0.707      0.644
  57/269   2620/2620     0.129    0.0638     0.135    0.0807     0.409         2     0.146      0.769      0.864      0.815
  58/269   2620/2620     0.121    0.0612     0.129    0.0703     0.382         2     0.145      0.602      0.725      0.616
  59/269   2620/2620     0.118    0.0603     0.128    0.0734      0.38         2     0.144      0.612      0.726      0.636
  60/269   2620/2620     0.117    0.0598     0.127    0.0705     0.374         2     0.146      0.653       0.82      0.747
  61/269   2620/2620     0.117      0.06     0.128    0.0723     0.376         2     0.145      0.803       0.75      0.725
  62/269   2620/2620     0.118    0.0604     0.131    0.0849     0.394         2     0.145      0.743      0.781      0.704
  63/269   2620/2620     0.112     0.058     0.125    0.0666     0.362         2     0.147      0.685      0.735      0.646
  64/269   2620/2620      0.11    0.0578     0.124    0.0642     0.356         2     0.146      0.753      0.791      0.707
  65/269   2620/2620     0.114    0.0598     0.127     0.079     0.379         2     0.145      0.599      0.678      0.605
  66/269   2620/2620     0.118     0.061     0.129    0.0885     0.396         2     0.145      0.696      0.748      0.639
  67/269   2620/2620     0.115    0.0605     0.126    0.0763     0.378         2     0.145      0.613      0.689      0.628
  68/269   2620/2620     0.114    0.0593     0.125    0.0745     0.374         2     0.146      0.635      0.707      0.614
  69/269   2620/2620     0.115    0.0592     0.124    0.0709     0.369         2     0.146        0.6      0.742      0.668
  70/269   2620/2620     0.106    0.0561      0.12    0.0619     0.345         2     0.144      0.629       0.74      0.674
  71/269   2620/2620     0.104    0.0552     0.119    0.0599     0.338         2     0.144      0.561      0.547      0.483
  72/269   2620/2620     0.112    0.0587     0.125    0.0722     0.368         2     0.146      0.798      0.814      0.715
  73/269   2620/2620     0.112     0.059     0.124    0.0835     0.379         2     0.146      0.717      0.735      0.669
  74/269   2620/2620     0.111    0.0583     0.124    0.0828     0.377         2     0.145      0.663      0.764      0.692
  75/269   2620/2620     0.105    0.0561     0.121    0.0597     0.342         2     0.145      0.738      0.855      0.778
  76/269   2620/2620     0.104    0.0562     0.119    0.0667     0.346         2     0.144      0.771      0.757      0.686
  77/269   2620/2620       0.1    0.0547     0.117    0.0532     0.325         2     0.145      0.737      0.832      0.753
  78/269   2620/2620     0.105    0.0571     0.121    0.0695     0.353         2     0.144      0.841      0.845      0.772
  79/269   2620/2620     0.104    0.0559      0.12    0.0691     0.349         2     0.148      0.825      0.777      0.735
  80/269   2620/2620     0.101    0.0554     0.116    0.0604     0.332         2     0.147      0.768      0.788      0.678
  81/269   2620/2620     0.102     0.055     0.119    0.0658     0.341         2     0.146      0.649      0.718      0.662
  82/269   2620/2620     0.107     0.056     0.122    0.0763     0.361         2     0.146      0.713      0.705      0.625
  83/269   2620/2620     0.106    0.0569     0.119    0.0636     0.345         2     0.145      0.661      0.691       0.65
  84/269   2620/2620     0.109    0.0582     0.122    0.0803      0.37         2     0.145      0.745      0.753      0.708
  85/269   2620/2620      0.11    0.0581     0.122    0.0746     0.365         2     0.145      0.679      0.772      0.691
  86/269   2620/2620     0.104    0.0555     0.119    0.0665     0.345         2     0.145      0.709       0.73      0.637
  87/269   2620/2620     0.101    0.0553     0.117    0.0637     0.337         2     0.145      0.677      0.729      0.683
  88/269   2620/2620     0.104    0.0566      0.12    0.0718     0.353         2     0.146      0.677      0.789      0.661
  89/269   2620/2620     0.104     0.056      0.12    0.0675     0.347         2     0.145      0.806      0.876      0.794
  90/269   2620/2620    0.0998    0.0542     0.115    0.0688     0.338         2     0.145      0.739       0.83      0.763
  91/269   2620/2620     0.112     0.059     0.125    0.0892     0.385         2     0.146      0.673      0.693      0.596
  92/269   2620/2620     0.101    0.0549     0.117    0.0609     0.334         2     0.145       0.73      0.715      0.637
  93/269   2620/2620     0.108    0.0575      0.12    0.0841     0.369         2     0.145      0.617      0.714      0.601
  94/269   2620/2620     0.107     0.058      0.12    0.0802     0.365         2     0.145      0.637      0.706      0.655
  95/269   2620/2620    0.0988    0.0548     0.116    0.0598      0.33         2     0.147      0.696      0.717       0.67
  96/269   2620/2620     0.107    0.0573     0.121     0.082     0.367         2     0.148      0.509      0.553      0.509
  97/269   2620/2620     0.102     0.055     0.118     0.062     0.337         2      0.15      0.762      0.807      0.735
  98/269   2620/2620     0.107    0.0571     0.122    0.0805     0.367         2     0.146      0.713      0.719      0.682
  99/269   2620/2620     0.104    0.0563     0.119    0.0759     0.355         2     0.144      0.657      0.648      0.586
 100/269   2620/2620     0.103    0.0554     0.118    0.0709     0.347         2     0.146      0.663      0.772      0.739
 101/269   2620/2620     0.105     0.056      0.12    0.0698     0.351         2     0.146      0.629      0.698      0.638
 102/269   2620/2620    0.0983    0.0535     0.114    0.0595     0.326         2     0.146      0.773      0.749       0.65
 103/269   2620/2620    0.0974    0.0535     0.114    0.0623     0.327         2     0.145      0.546      0.601      0.541
 104/269   2620/2620     0.101    0.0547     0.116    0.0706     0.342         2     0.147      0.642      0.716       0.67
 105/269   2620/2620     0.103    0.0556     0.119    0.0699     0.347         2     0.147      0.682      0.705      0.673
 106/269   2620/2620    0.0999    0.0553     0.116    0.0736     0.345         2     0.147      0.719      0.687       0.62
 107/269   2620/2620     0.102    0.0545     0.118    0.0643     0.338         2     0.149      0.621      0.704       0.61
 108/269   2620/2620     0.109     0.058     0.122    0.0926     0.382         2     0.146      0.776      0.878      0.812
 109/269   2620/2620     0.103    0.0559     0.118    0.0726     0.349         2     0.147      0.805      0.807      0.763
 110/269   2620/2620     0.104    0.0559     0.119    0.0745     0.353         2     0.146      0.507      0.582      0.545
 111/269   2620/2620     0.101    0.0549     0.116    0.0704     0.343         2     0.148       0.66      0.701      0.642
 112/269   2620/2620     0.099    0.0541     0.115    0.0667     0.335         2     0.145      0.654        0.8      0.681
 113/269   2620/2620    0.0963    0.0533     0.114    0.0595     0.323         2     0.146      0.877      0.842      0.786
 114/269   2620/2620    0.0951    0.0527     0.114    0.0601     0.321         2     0.145      0.665      0.685      0.653
 115/269   2620/2620    0.0922     0.052     0.111     0.054     0.309         2     0.146      0.702      0.688      0.661
 116/269   2620/2620    0.0936    0.0525     0.112     0.058     0.316         2     0.144      0.568      0.624      0.554
 117/269   2620/2620    0.0944    0.0526     0.114    0.0628     0.323         2     0.145      0.548      0.618      0.585
 118/269   2620/2620    0.0948    0.0532     0.112    0.0646     0.324         2     0.147      0.711      0.699       0.65
 119/269   2620/2620     0.093    0.0516     0.111    0.0623     0.318         2     0.146      0.648      0.659      0.606
 120/269   2620/2620     0.095    0.0535     0.113    0.0652     0.326         2     0.146      0.634      0.746      0.683
 121/269   2620/2620    0.0983    0.0544     0.116    0.0783     0.347         2     0.146      0.592      0.679        0.6
 122/269   2620/2620     0.101    0.0551     0.117     0.075     0.348         2     0.147      0.499      0.607      0.532
 123/269   2620/2620     0.102     0.055     0.117    0.0774     0.351         2     0.145      0.674      0.686      0.638
 124/269   2620/2620     0.105    0.0573      0.12    0.0792     0.361         2     0.146      0.708      0.727      0.666
 125/269   2620/2620     0.107    0.0569     0.121    0.0841     0.369         2     0.147      0.717      0.659       0.62
 126/269   2620/2620     0.109    0.0577     0.121    0.0872     0.375         2     0.146      0.594       0.65      0.569
 127/269   2620/2620     0.107    0.0568     0.121    0.0847      0.37         2     0.146       0.66      0.755      0.691
 128/269   2620/2620    0.0992    0.0539     0.115    0.0642     0.332         2     0.148      0.649      0.772      0.677
 129/269   2620/2620    0.0977    0.0545     0.115     0.065     0.332         2     0.151      0.684      0.746      0.696
 130/269   2620/2620    0.0957    0.0534     0.113    0.0611     0.323         2     0.146      0.604       0.71      0.629
 131/269   2620/2620     0.104    0.0562     0.116    0.0776     0.354         2     0.147      0.632      0.717      0.639
 132/269   2620/2620     0.103    0.0553     0.117     0.074     0.349         2     0.147      0.604      0.647      0.581
 133/269   2620/2620    0.0986    0.0547     0.113    0.0628     0.329         2     0.147        0.6      0.648      0.618
 134/269   2620/2620    0.0992    0.0547     0.114    0.0715      0.34         2     0.147        0.6      0.559      0.478
 135/269   2620/2620      0.11    0.0591     0.121    0.0989     0.389         2     0.151      0.646      0.674      0.597
 136/269   2620/2620     0.102    0.0557     0.116    0.0703     0.344         2     0.146      0.605      0.681      0.606
 137/269   2620/2620    0.0966    0.0539     0.114    0.0678     0.332         2     0.146      0.667      0.767      0.679
 138/269   2620/2620     0.094    0.0524     0.112    0.0567     0.315         2     0.145      0.655      0.701      0.628
 139/269   2620/2620    0.0884    0.0503     0.108    0.0567     0.303         2     0.151      0.695      0.806      0.722
 140/269   2620/2620    0.0891      0.05     0.108    0.0535     0.301         2     0.145      0.684      0.703      0.623
 141/269   2620/2620    0.0904    0.0507     0.109     0.055     0.305         2     0.146      0.774      0.826      0.752
 142/269   2620/2620     0.094    0.0527     0.112    0.0639     0.322         2     0.147      0.689      0.781      0.701
 143/269   2620/2620    0.0919    0.0523     0.111    0.0604     0.316         2     0.146      0.655      0.714      0.619
 144/269   2620/2620    0.0974    0.0542     0.115    0.0767     0.343         2     0.145       0.85      0.909      0.859
 145/269   2620/2620    0.0992     0.055     0.117    0.0759     0.347         2     0.145      0.672      0.705       0.65
 146/269   2620/2620     0.101    0.0546     0.116    0.0749     0.347         2     0.145      0.669      0.803      0.711
