    0/99   5240/5240     0.595     0.779      8.04      2.65      12.1         2      3.76      0.498      0.494      0.418
    1/99   5240/5240     0.269     0.207     0.216     0.169      0.86         2     0.127      0.694      0.638      0.615
    2/99   5240/5240     0.188      0.13     0.145    0.0467      0.51         2     0.125      0.636      0.583      0.525
    3/99   5240/5240     0.131    0.0989    0.0922    0.0231     0.345         2     0.127      0.605      0.549      0.516
    4/99   5240/5240    0.0957    0.0849    0.0668    0.0172     0.265         2     0.124      0.634      0.591      0.555
    5/99   5240/5240    0.0814     0.078     0.056    0.0167     0.232         2     0.127       0.67      0.531      0.479
    0/99   2620/2620     0.612     0.753      9.49       2.8      13.7         2      2.85        0.5      0.584      0.518
    1/99   2620/2620     0.251     0.185     0.207     0.128     0.771         2     0.167      0.652      0.612      0.592
    2/99   2620/2620     0.172     0.119     0.132    0.0381     0.462         2     0.159      0.621      0.543       0.49
    3/99   2620/2620      0.12    0.0933    0.0853    0.0211      0.32         2     0.165      0.663      0.604      0.564
    4/99   2620/2620    0.0876    0.0798    0.0625    0.0156     0.246         2     0.163      0.683      0.614      0.567
    5/99   2620/2620     0.071    0.0691    0.0473    0.0131     0.201         2     0.161      0.733       0.72      0.661
    6/99   2620/2620    0.0735     0.064    0.0404    0.0124      0.19         2     0.161      0.762      0.668      0.617
    7/99   2620/2620    0.0819    0.0606    0.0407    0.0121     0.195         2     0.161      0.623      0.567      0.514
    8/99   2620/2620    0.0727    0.0557    0.0341    0.0106     0.173         2     0.161      0.731      0.735      0.688
    9/99   2620/2620    0.0624    0.0509    0.0287   0.00952     0.151         2     0.165      0.653      0.584      0.552
   10/99   2620/2620    0.0558    0.0483    0.0245   0.00898     0.138         2      0.16       0.62      0.602       0.57
   11/99   2620/2620    0.0532    0.0461    0.0221   0.00872      0.13         2     0.163      0.721      0.629      0.588
   12/99   2620/2620    0.0522    0.0453    0.0206   0.00835     0.126         2     0.161      0.703      0.643      0.573
   13/99   2620/2620    0.0501     0.044    0.0209   0.00805     0.123         2     0.164      0.647      0.637      0.598
   14/99   2620/2620    0.0466    0.0414    0.0194    0.0076     0.115         2     0.163      0.683      0.618      0.587
   15/99   2620/2620    0.0438    0.0406    0.0178   0.00735      0.11         2     0.163      0.698       0.62      0.572
   16/99   2620/2620    0.0405    0.0421    0.0171   0.00739     0.107         2      0.16      0.724      0.609      0.565
   17/99   2620/2620     0.038     0.039    0.0162   0.00694       0.1         2      0.16      0.702       0.67      0.594
   18/99   2620/2620    0.0361    0.0354    0.0154   0.00647    0.0934         2     0.169      0.654      0.728      0.657
   19/99   2620/2620     0.036    0.0341    0.0148   0.00629    0.0912         2     0.161       0.78      0.684      0.653
   20/99   2620/2620    0.0364    0.0345    0.0148   0.00645    0.0922         2      0.16      0.659      0.631      0.589
   21/99   2620/2620    0.0364    0.0347    0.0144   0.00651    0.0921         2      0.16      0.673      0.599      0.569
   22/99   2620/2620    0.0364    0.0345    0.0152   0.00643    0.0925         2      0.16      0.653      0.618      0.562
   23/99   2620/2620    0.0365    0.0333     0.015   0.00631    0.0912         2     0.163      0.709      0.611      0.563
   24/99   2620/2620    0.0357    0.0321    0.0167   0.00615    0.0907         2     0.162      0.676      0.613      0.579
   25/99   2620/2620    0.0346    0.0311    0.0158   0.00598    0.0875         2     0.164      0.687      0.667      0.629
   26/99   2620/2620    0.0336    0.0309    0.0156   0.00593     0.086         2     0.178      0.767      0.695      0.657
   27/99   2620/2620    0.0332    0.0318    0.0154     0.006    0.0863         2     0.162      0.718      0.683      0.636
   28/99   2620/2620     0.144    0.0842     0.129     0.222     0.579         2     0.163      0.513      0.461      0.423
   29/99   2620/2620       0.1    0.0564    0.0812    0.0276     0.266         2      0.16       0.69      0.637      0.578
   30/99   2620/2620    0.0501    0.0331    0.0307   0.00678     0.121         2      0.16       0.68      0.599      0.541
   31/99   2620/2620    0.0337    0.0238    0.0171   0.00449     0.079         2     0.159      0.669      0.644      0.597
   32/99   2620/2620    0.0285    0.0208    0.0119   0.00416    0.0654         2      0.16      0.705       0.61      0.557
   33/99   2620/2620    0.0299    0.0215    0.0107   0.00419    0.0662         2     0.161      0.594      0.509      0.462
   34/99   2620/2620    0.0319    0.0232    0.0108   0.00447    0.0704         2     0.166      0.669      0.591      0.554
   35/99   2620/2620     0.033    0.0253     0.011   0.00481    0.0741         2     0.166      0.701      0.593      0.531
   36/99   2620/2620    0.0347    0.0261    0.0113     0.005    0.0772         2     0.164      0.603      0.534      0.481
   37/99   2620/2620    0.0351    0.0289    0.0122   0.00533    0.0815         2     0.172      0.655      0.572      0.528
   38/99   2620/2620    0.0331    0.0304    0.0118   0.00539    0.0807         2     0.166      0.643      0.569      0.526
   39/99   2620/2620    0.0306    0.0308    0.0115   0.00538    0.0784         2      0.16      0.637      0.543      0.505
   40/99   2620/2620    0.0276    0.0298    0.0107   0.00528    0.0733         2     0.163      0.629      0.569      0.526
   41/99   2620/2620    0.0253    0.0275      0.01   0.00504    0.0678         2      0.16      0.647      0.574      0.537
   42/99   2620/2620    0.0243    0.0259    0.0096   0.00487    0.0647         2      0.16      0.657      0.573      0.539
   43/99   2620/2620    0.0236    0.0253    0.0095   0.00482    0.0633         2     0.165      0.706      0.623      0.584
   44/99   2620/2620    0.0237    0.0256   0.00938   0.00487    0.0636         2      0.16      0.672      0.561      0.532
   45/99   2620/2620    0.0239    0.0256   0.00937   0.00486    0.0638         2      0.16      0.692      0.575      0.551
   46/99   2620/2620    0.0242    0.0256   0.00905   0.00489    0.0637         2     0.167      0.603      0.551      0.517
   47/99   2620/2620    0.0243    0.0255   0.00893    0.0049    0.0636         2     0.161      0.617      0.521      0.477
   48/99   2620/2620    0.0245    0.0257   0.00889   0.00497    0.0641         2     0.161      0.662      0.625      0.577
   49/99   2620/2620    0.0243    0.0256   0.00941   0.00498    0.0643         2      0.16      0.719      0.596      0.549
   50/99   2620/2620    0.0244    0.0251   0.00995   0.00502    0.0645         2     0.161      0.614      0.529      0.474
   51/99   2620/2620    0.0247    0.0245    0.0136   0.00508    0.0678         2     0.172      0.724      0.599      0.561
   52/99   2620/2620    0.0285    0.0232     0.028   0.00551    0.0851         2     0.162      0.708      0.644      0.572
   53/99   2620/2620    0.0293    0.0218     0.023    0.0051    0.0792         2      0.17      0.641      0.593      0.526
   54/99   2620/2620     0.026    0.0193    0.0148   0.00441    0.0645         2      0.16       0.61      0.625      0.566
   55/99   2620/2620     0.022    0.0171   0.00947   0.00391    0.0525         2     0.161      0.617      0.593       0.55
   56/99   2620/2620    0.0219    0.0176    0.0071   0.00398    0.0505         2     0.165       0.63      0.565      0.536
   57/99   2620/2620    0.0263    0.0227   0.00759   0.00476    0.0614         2      0.16      0.626      0.549      0.503
   58/99   2620/2620    0.0318    0.0288   0.00876   0.00558    0.0749         2     0.161      0.645      0.581      0.518
   59/99   2620/2620    0.0334    0.0314   0.00989   0.00581    0.0804         2      0.16      0.679      0.589       0.52
   60/99   2620/2620    0.0303    0.0316   0.00972   0.00568    0.0773         2      0.16      0.635      0.597      0.533
   61/99   2620/2620    0.0263    0.0299   0.00922   0.00539    0.0708         2      0.16      0.606      0.587       0.53
   62/99   2620/2620    0.0233     0.027   0.00878   0.00512    0.0643         2      0.16      0.658      0.587       0.53
   63/99   2620/2620    0.0216    0.0259   0.00826   0.00498    0.0607         2      0.16      0.642      0.527      0.494
   64/99   2620/2620    0.0206    0.0258   0.00746   0.00492    0.0588         2     0.159      0.684      0.602      0.553
   65/99   2620/2620    0.0204    0.0264   0.00743   0.00502    0.0593         2     0.162      0.609      0.574      0.545
   66/99   2620/2620     0.021    0.0264   0.00734   0.00509    0.0598         2      0.16      0.673      0.537      0.498
   67/99   2620/2620    0.0214    0.0261   0.00754   0.00505    0.0601         2     0.159      0.624      0.536      0.493
   68/99   2620/2620    0.0221    0.0245   0.00936   0.00498    0.0609         2      0.16      0.632      0.522      0.485
   69/99   2620/2620    0.0225    0.0225    0.0129   0.00493    0.0627         2      0.16      0.604      0.572      0.525
   70/99   2620/2620     0.158    0.0893     0.146      0.26     0.654         2      0.16      0.628      0.535       0.51
   71/99   2620/2620      0.13     0.068     0.106    0.0534     0.358         2      0.17      0.745      0.686      0.643
   72/99   2620/2620    0.0625    0.0385    0.0427    0.0107     0.154         2     0.161      0.677      0.707      0.627
   76/99   2620/2620     0.026    0.0201   0.00808   0.00375     0.058         2      3.21        0.7      0.598      0.552
   77/99   2620/2620    0.0259    0.0208    0.0078   0.00388    0.0584         2     0.179      0.736       0.61      0.571
   78/99   2620/2620    0.0246    0.0206   0.00741   0.00385    0.0565         2      0.16      0.615      0.577      0.531
   79/99   2620/2620    0.0224    0.0201   0.00702   0.00379    0.0533         2     0.161      0.657      0.589      0.544
   80/99   2620/2620    0.0211    0.0198   0.00685   0.00379    0.0515         2     0.162      0.589       0.57      0.514
   81/99   2620/2620    0.0212     0.021   0.00692   0.00398    0.0531         2     0.159      0.585      0.578      0.548
   82/99   2620/2620    0.0224    0.0215   0.00697   0.00407     0.055         2     0.162      0.651      0.612      0.579
   83/99   2620/2620    0.0236    0.0223    0.0072   0.00419    0.0573         2     0.162      0.679      0.578      0.556
   84/99   2620/2620    0.0234    0.0218   0.00712   0.00419    0.0566         2     0.165      0.625      0.512      0.461
   85/99   2620/2620    0.0228    0.0219   0.00717   0.00421    0.0561         2     0.162      0.671      0.558       0.52
   86/99   2620/2620    0.0214     0.022   0.00732   0.00426    0.0549         2     0.161      0.619      0.552        0.5
   87/99   2620/2620    0.0198    0.0227   0.00703   0.00426    0.0538         2     0.161      0.633      0.578      0.526
   88/99   2620/2620    0.0188    0.0243   0.00669   0.00438    0.0541         2     0.161      0.632      0.567       0.53
   89/99   2620/2620    0.0181    0.0255   0.00736   0.00457    0.0555         2     0.162      0.666      0.597      0.564
   90/99   2620/2620    0.0181    0.0252   0.00931   0.00504    0.0577         2     0.164      0.651      0.602       0.58
   91/99   2620/2620    0.0195    0.0227    0.0124   0.00471    0.0594         2     0.161      0.712      0.664      0.623
   92/99   2620/2620    0.0221    0.0206    0.0184   0.00465    0.0657         2      0.16      0.616      0.607       0.55
   93/99   2620/2620    0.0243    0.0199    0.0185   0.00446    0.0672         2     0.161      0.663      0.653      0.612
   94/99   2620/2620    0.0236    0.0191    0.0156   0.00427    0.0625         2     0.161      0.671      0.663      0.599
   95/99   2620/2620      0.13    0.0781     0.111     0.166     0.484         2      0.16      0.739      0.704      0.684
   96/99   2620/2620    0.0782    0.0468    0.0554    0.0241     0.205         2     0.165      0.704      0.717      0.657
   97/99   2620/2620    0.0395    0.0274      0.02   0.00688    0.0938         2     0.163      0.686        0.7      0.667
   98/99   2620/2620     0.025    0.0187   0.00999   0.00347    0.0572         2     0.161      0.676      0.655      0.638
   99/99   2620/2620    0.0188    0.0159   0.00693   0.00316    0.0448         2      0.16       0.69      0.679      0.608
