    0/99   1084/1084      1.08      1.02      12.3     0.843      15.2        26      4.43      0.384      0.353      0.264
    1/99   1084/1084     0.585     0.292     0.653     0.205      1.74        26     0.227      0.412      0.421      0.302
    2/99   1084/1084     0.425     0.201     0.486    0.0961      1.21        26     0.226      0.406      0.422      0.302
    3/99   1084/1084     0.331     0.164     0.373    0.0662     0.935        26     0.235      0.401      0.421      0.301
    4/99   1084/1084      0.27     0.144     0.302     0.049     0.765        26     0.228      0.417      0.435      0.309
    5/99   1084/1084     0.235     0.127     0.249     0.037     0.648        26     0.226      0.471      0.443      0.325
    6/99   1084/1084     0.211     0.115     0.204    0.0316     0.562        26     0.227      0.459      0.415      0.301
    7/99   1084/1084     0.191     0.104      0.17    0.0305     0.495        26     0.228      0.453      0.429       0.31
    8/99   1084/1084     0.172    0.0982     0.143    0.0279     0.441        26     0.226      0.457      0.428      0.314
    9/99   1084/1084     0.156    0.0963     0.121    0.0238     0.397        26     0.226       0.46      0.411      0.301
   10/99   1084/1084     0.143    0.0922     0.104    0.0218     0.361        26     0.225      0.481      0.418        0.3
   11/99   1084/1084     0.132    0.0877    0.0892    0.0205      0.33        26     0.228       0.49      0.423      0.305
   12/99   1084/1084     0.125    0.0842    0.0789    0.0187     0.307        26     0.226      0.481       0.42      0.307
   13/99   1084/1084     0.122    0.0769    0.0739    0.0188     0.292        26     0.224      0.502      0.402      0.299
   14/99   1084/1084     0.115    0.0706      0.07    0.0164     0.272        26     0.226      0.479      0.401      0.299
   15/99   1084/1084      0.11    0.0669    0.0604     0.016     0.253        26     0.226      0.496      0.405      0.302
   16/99   1084/1084     0.103    0.0657    0.0533    0.0157     0.237        26     0.238      0.518      0.391      0.299
   17/99   1084/1084    0.0961    0.0641    0.0483    0.0153     0.224        26     0.229      0.543      0.398        0.3
   18/99   1084/1084    0.0903    0.0634    0.0454    0.0143     0.213        26     0.229      0.546      0.397      0.306
   19/99   1084/1084    0.0844    0.0609    0.0426    0.0134     0.201        26     0.227      0.524      0.407       0.31
   20/99   1084/1084    0.0825    0.0591     0.041    0.0185     0.201        26     0.226      0.538      0.388      0.294
   21/99   1084/1084      0.08    0.0577     0.037    0.0149      0.19        26     0.226      0.528      0.392      0.294
   22/99   1084/1084    0.0801    0.0561    0.0337    0.0169     0.187        26     0.228      0.519      0.399      0.306
   23/99   1084/1084      0.08    0.0536    0.0372    0.0153     0.186        26     0.229      0.537      0.395      0.301
   24/99   1084/1084    0.0798    0.0512    0.0331    0.0143     0.178        26     0.226      0.505       0.41      0.309
   25/99   1084/1084    0.0795    0.0501    0.0295    0.0126     0.172        26     0.225       0.54      0.401      0.309
   26/99   1084/1084    0.0786    0.0495    0.0276    0.0122     0.168        26     0.224      0.546      0.394      0.301
    0/99     542/542      1.14      1.07        14     0.931      17.1        26      4.73       0.37      0.386      0.292
    1/99     542/542     0.608     0.301     0.688      0.21      1.81        26     0.267      0.376      0.426      0.316
    2/99     542/542     0.441     0.215     0.507    0.0995      1.26        26     0.276      0.424      0.396      0.289
    3/99     542/542     0.343     0.174      0.39    0.0665     0.973        26     0.283      0.452      0.388      0.302
    4/99     542/542     0.294     0.153     0.325    0.0522     0.824        26     0.266      0.461      0.375      0.286
    5/99     542/542     0.264     0.139     0.279     0.041     0.723        26     0.277      0.437      0.383       0.29
    6/99     542/542     0.228     0.126     0.235    0.0346     0.624        26     0.273      0.458      0.401      0.308
    7/99     542/542     0.201     0.124     0.193    0.0312      0.55        26     0.266      0.463      0.413      0.317
    8/99     542/542     0.193     0.117     0.165    0.0283     0.504        26     0.267      0.477      0.402      0.305
    9/99     542/542     0.181     0.104     0.143    0.0269     0.455        26     0.275      0.479      0.399      0.312
   10/99     542/542     0.168    0.0949     0.123     0.024      0.41        26     0.269       0.47      0.419      0.317
   11/99     542/542     0.152    0.0997     0.107    0.0221     0.381        26     0.265      0.512      0.419      0.324
   12/99     542/542      0.14     0.103    0.0984    0.0233     0.365        26     0.264      0.496      0.408      0.309
   13/99     542/542     0.135    0.0963    0.0896    0.0197      0.34        26     0.264      0.504      0.412      0.307
   14/99     542/542     0.138    0.0891    0.0844    0.0205     0.332        26     0.263      0.503       0.42      0.315
   15/99     542/542     0.134    0.0857    0.0787    0.0192     0.318        26     0.265      0.527      0.427      0.325
   16/99     542/542     0.121    0.0848    0.0723    0.0173     0.295        26     0.262      0.521      0.409      0.311
   17/99     542/542     0.105    0.0815    0.0649    0.0174     0.269        26     0.268      0.526      0.424      0.324
   18/99     542/542    0.0958    0.0779    0.0582    0.0157     0.248        26     0.265      0.522      0.435      0.325
   19/99     542/542    0.0918    0.0752    0.0545    0.0161     0.238        26     0.265      0.533      0.418      0.314
   20/99     542/542    0.0921    0.0703    0.0506    0.0159     0.229        26     0.265      0.541      0.399        0.3
   21/99     542/542    0.0941    0.0673    0.0498    0.0144     0.226        26     0.283      0.512      0.402      0.297
   22/99     542/542     0.093     0.067    0.0463    0.0152     0.221        26     0.268      0.506      0.402      0.296
   23/99     542/542    0.0892    0.0634     0.043    0.0138     0.209        26     0.266      0.508      0.381      0.279
   24/99     542/542    0.0849    0.0604    0.0405    0.0134     0.199        26     0.261      0.536      0.383      0.293
   25/99     542/542    0.0817    0.0605    0.0383    0.0134     0.194        26     0.265      0.567      0.383        0.3
   26/99     542/542    0.0799     0.061    0.0363    0.0138     0.191        26     0.266      0.532      0.401      0.306
   27/99     542/542    0.0785    0.0634     0.035    0.0139     0.191        26     0.271      0.531      0.393      0.298
   28/99     542/542    0.0783    0.0667    0.0345    0.0137     0.193        26     0.273      0.539      0.401       0.31
   29/99     542/542    0.0774    0.0701    0.0338    0.0138     0.195        26     0.263      0.567      0.389      0.306
   30/99     542/542    0.0758    0.0677    0.0319    0.0135     0.189        26     0.266      0.545      0.384      0.291
   31/99     542/542    0.0716    0.0615    0.0293    0.0132     0.176        26     0.271      0.548      0.393        0.3
   32/99     542/542    0.0695    0.0564    0.0278     0.013     0.167        26     0.267      0.573      0.401      0.318
   33/99     542/542    0.0671     0.052    0.0262    0.0126     0.158        26     0.268      0.569      0.397      0.308
   34/99     542/542    0.0654    0.0498    0.0234    0.0125     0.151        26     0.267      0.549      0.388      0.291
   35/99     542/542    0.0643    0.0495    0.0221    0.0126     0.148        26     0.264      0.552      0.386      0.295
   36/99     542/542    0.0628    0.0511    0.0211    0.0126     0.148        26     0.264      0.557      0.377       0.29
   37/99     542/542    0.0617    0.0526    0.0205    0.0125     0.147        26     0.263      0.542      0.383      0.297
   38/99     542/542    0.0591    0.0532      0.02    0.0124     0.145        26     0.263      0.539      0.373      0.283
   39/99     542/542    0.0566    0.0536    0.0194    0.0123     0.142        26     0.264      0.514      0.368      0.273
   40/99     542/542    0.0561    0.0546    0.0197    0.0134     0.144        26     0.263      0.539      0.378      0.282
   41/99     542/542    0.0553    0.0537    0.0184    0.0126      0.14        26     0.265      0.553      0.377      0.278
   42/99     542/542    0.0546    0.0531    0.0183    0.0124     0.138        26     0.264      0.526      0.372       0.28
   43/99     542/542    0.0542    0.0523    0.0173    0.0123     0.136        26     0.282      0.513      0.383       0.29
   44/99     542/542    0.0533    0.0505     0.019    0.0123     0.135        26     0.264      0.559      0.387        0.3
   45/99     542/542    0.0513     0.048    0.0166    0.0121     0.128        26     0.263      0.541      0.367      0.281
   46/99     542/542    0.0499    0.0474    0.0147    0.0121     0.124        26     0.266      0.578      0.378      0.298
   47/99     542/542    0.0493    0.0474    0.0145    0.0121     0.123        26     0.265      0.559      0.381      0.303
   48/99     542/542    0.0496    0.0486    0.0144    0.0121     0.125        26     0.265      0.555      0.384        0.3
   49/99     542/542    0.0501    0.0512    0.0146    0.0123     0.128        26     0.265      0.576      0.385      0.297
   50/99     542/542    0.0499    0.0537    0.0148    0.0123     0.131        26     0.265      0.578      0.387      0.298
   51/99     542/542    0.0494    0.0559     0.015    0.0125     0.133        26     0.282      0.576      0.376      0.293
   52/99     542/542     0.049    0.0575     0.016    0.0126     0.135        26     0.279      0.571      0.381        0.3
   53/99     542/542    0.0489    0.0579    0.0166    0.0126     0.136        26     0.267      0.562      0.386      0.305
   54/99     542/542    0.0478    0.0556    0.0166    0.0124     0.132        26     0.267      0.551      0.398       0.31
   55/99     542/542    0.0471    0.0519    0.0155    0.0121     0.127        26     0.269      0.548      0.386       0.29
   56/99     542/542    0.0462    0.0494    0.0136    0.0119     0.121        26     0.265      0.524      0.346      0.266
   57/99     542/542    0.0459    0.0471    0.0127    0.0118     0.118        26     0.265      0.556      0.356      0.271
   58/99     542/542    0.0462    0.0459    0.0123    0.0118     0.116        26     0.274      0.578      0.377      0.292
   59/99     542/542    0.0464     0.045    0.0123    0.0117     0.116        26     0.263      0.556      0.365      0.285
   60/99     542/542    0.0468     0.045    0.0119    0.0118     0.116        26     0.266      0.573      0.363      0.282
   61/99     542/542     0.047    0.0454    0.0119    0.0119     0.116        26     0.267      0.587      0.362      0.283
   62/99     542/542    0.0474    0.0452     0.015    0.0118     0.119        26     0.282      0.559      0.363      0.282
   63/99     542/542    0.0479    0.0448    0.0159    0.0141     0.123        26      0.28      0.539      0.367      0.277
   64/99     542/542    0.0468    0.0458    0.0156    0.0126     0.121        26     0.264      0.541      0.363      0.268
   65/99     542/542    0.0453    0.0477    0.0132    0.0121     0.118        26     0.259      0.523      0.366      0.269
   66/99     542/542    0.0444    0.0497    0.0125    0.0122     0.119        26     0.274      0.539      0.346      0.255
   67/99     542/542    0.0438    0.0509    0.0122     0.012     0.119        26      0.27      0.542      0.338      0.254
   68/99     542/542    0.0427     0.051    0.0122    0.0119     0.118        26     0.264      0.554      0.346      0.262
   69/99     542/542    0.0419    0.0515    0.0121     0.012     0.117        26     0.266      0.555      0.356      0.271
   70/99     542/542    0.0414    0.0515     0.012    0.0119     0.117        26      0.26      0.563      0.377      0.294
   71/99     542/542    0.0411    0.0508    0.0118    0.0119     0.116        26     0.263      0.583      0.393      0.307
   72/99     542/542    0.0408    0.0496    0.0116    0.0119     0.114        26     0.262      0.561      0.387      0.306
   73/99     542/542    0.0405    0.0487    0.0114    0.0119     0.113        26      0.27      0.574      0.379      0.299
   74/99     542/542    0.0404    0.0489    0.0113    0.0119     0.113        26     0.267      0.562      0.363      0.288
   75/99     542/542    0.0403    0.0492    0.0113    0.0119     0.113        26     0.276      0.576      0.359      0.289
   76/99     542/542    0.0401    0.0493    0.0116    0.0119     0.113        26     0.264      0.566       0.36      0.282
   77/99     542/542    0.0401    0.0488    0.0111    0.0118     0.112        26     0.264      0.556      0.368      0.281
   78/99     542/542    0.0401    0.0477    0.0109    0.0119     0.111        26     0.266       0.56      0.373      0.291
   79/99     542/542    0.0403    0.0458    0.0106    0.0118     0.108        26     0.263      0.559      0.369      0.293
   80/99     542/542    0.0405     0.044    0.0108    0.0116     0.107        26     0.271      0.571      0.348      0.278
   81/99     542/542    0.0411    0.0419    0.0116    0.0116     0.106        26     0.264      0.569      0.345       0.27
   82/99     542/542    0.0413    0.0415    0.0102    0.0115     0.105        26     0.268      0.564       0.34      0.263
   83/99     542/542    0.0417    0.0417      0.01    0.0116     0.105        26     0.264      0.576      0.346      0.272
   84/99     542/542    0.0418    0.0418    0.0105    0.0115     0.106        26     0.264      0.566      0.357      0.284
   85/99     542/542    0.0416    0.0406    0.0108    0.0114     0.104        26     0.265       0.55      0.369      0.292
   86/99     542/542    0.0412    0.0398   0.00954    0.0113     0.102        26     0.269      0.578      0.376      0.299
   87/99     542/542    0.0406    0.0395   0.00944    0.0113     0.101        26     0.271      0.567      0.369      0.296
   88/99     542/542      0.04    0.0387   0.00915    0.0113    0.0991        26     0.267      0.544      0.353      0.277
   89/99     542/542    0.0393    0.0376   0.00872    0.0113     0.097        26     0.274      0.534      0.346      0.269
   90/99     542/542    0.0389    0.0365   0.00856    0.0113    0.0953        26     0.264      0.548       0.36      0.278
   91/99     542/542    0.0387     0.036   0.00836    0.0111    0.0941        26     0.267      0.562      0.356      0.279
   92/99     542/542    0.0383    0.0365   0.00857    0.0111    0.0944        26     0.274      0.559      0.354       0.28
   93/99     542/542    0.0387    0.0372    0.0119    0.0115    0.0993        26     0.267      0.552      0.352      0.278
   94/99     542/542    0.0397    0.0358    0.0164    0.0114     0.103        26     0.265      0.568       0.37      0.293
   95/99     542/542    0.0391    0.0349    0.0126     0.011    0.0976        26     0.264      0.576      0.373      0.297
   96/99     542/542    0.0395    0.0361    0.0146    0.0111     0.101        26     0.266      0.591      0.379        0.3
   97/99     542/542    0.0387    0.0385    0.0115    0.0117       0.1        26     0.263      0.561      0.375      0.302
   98/99     542/542    0.0396    0.0401    0.0106    0.0116     0.102        26     0.265      0.588      0.374       0.29
   99/99     542/542    0.0392    0.0425    0.0117    0.0122     0.106        26     0.261      0.572      0.354      0.274
