    0/99     542/542      1.22      1.12      14.1         1      17.4        26      3.89      0.351      0.401      0.282
    1/99     542/542      0.75     0.395     0.823     0.339      2.31        25     0.267      0.436      0.415      0.324
    2/99     542/542     0.667     0.331     0.726      0.27      1.99        26     0.268      0.403       0.41      0.317
    3/99     542/542     0.617     0.295     0.668     0.231      1.81        26     0.269      0.396      0.504      0.371
    4/99     542/542     0.578      0.27     0.635     0.198      1.68        25     0.265      0.429       0.49      0.368
    5/99     542/542     0.554     0.254     0.605     0.182       1.6        26      0.28      0.424      0.447      0.335
    6/99     542/542     0.538     0.244     0.592     0.161      1.54        25     0.278      0.457      0.498      0.381
    7/99     542/542     0.518      0.23      0.58     0.155      1.48        26     0.265      0.398      0.474      0.361
    8/99     542/542     0.501      0.22     0.561     0.132      1.41        26     0.272      0.354      0.517      0.382
    9/99     542/542     0.488     0.216      0.55     0.125      1.38        26     0.264      0.439      0.487      0.367
   10/99     542/542     0.481      0.21     0.542     0.121      1.35        26     0.265      0.416       0.49       0.37
   11/99     542/542     0.476     0.205     0.524     0.109      1.31        26     0.265      0.413      0.504      0.374
   12/99     542/542     0.462     0.199     0.517     0.107      1.28        25     0.266      0.363      0.509      0.366
   13/99     542/542     0.456     0.196     0.514     0.104      1.27        26     0.264      0.366      0.484      0.356
   14/99     542/542     0.447     0.189     0.501    0.0948      1.23        26     0.264      0.426       0.51      0.381
   15/99     542/542     0.439     0.186     0.493    0.0895      1.21        25     0.265      0.402      0.479      0.357
   16/99     542/542     0.423     0.182     0.487    0.0838      1.18        25     0.265      0.439      0.513      0.383
   17/99     542/542     0.418     0.183     0.485    0.0868      1.17        25     0.265       0.42      0.472      0.361
   18/99     542/542     0.419     0.176     0.475    0.0809      1.15        26     0.265      0.373      0.519      0.372
   19/99     542/542     0.409      0.17     0.469    0.0756      1.12        26     0.268      0.404      0.532      0.389
   20/99     542/542     0.406     0.171     0.465    0.0847      1.13        26     0.265      0.418       0.49      0.372
   21/99     542/542     0.402     0.169     0.463    0.0714      1.11        25     0.276      0.436      0.504      0.394
   22/99     542/542     0.402     0.168      0.46    0.0772      1.11        26     0.264      0.443      0.526      0.397
   23/99     542/542     0.392     0.166     0.451    0.0704      1.08        25     0.263      0.408      0.488      0.369
   24/99     542/542     0.387     0.157     0.448    0.0658      1.06        25     0.267       0.41      0.498       0.37
   25/99     542/542     0.382     0.159     0.443     0.064      1.05        26     0.266      0.386      0.522      0.386
   26/99     542/542     0.379      0.16     0.438    0.0677      1.04        25     0.264      0.397      0.518      0.375
   27/99     542/542     0.375     0.158     0.433    0.0612      1.03        26     0.271      0.469      0.505      0.398
   28/99     542/542     0.365     0.153     0.434    0.0603      1.01        25     0.264      0.434      0.531      0.392
   29/99     542/542     0.363     0.154     0.432    0.0608      1.01        24     0.264      0.412      0.474      0.345
   30/99     542/542     0.361     0.151     0.426    0.0596     0.997        26     0.264       0.44      0.498      0.374
   31/99     542/542      0.36     0.149      0.43    0.0635         1        26     0.264      0.452      0.515      0.383
   32/99     542/542     0.359     0.152     0.417    0.0575     0.985        25     0.264      0.474      0.501      0.382
   33/99     542/542     0.354     0.148     0.417    0.0568     0.976        26     0.264       0.42      0.531       0.39
   34/99     542/542     0.347     0.148     0.414    0.0547     0.964        26     0.264      0.436      0.502      0.382
   35/99     542/542     0.346     0.144     0.408    0.0528     0.951        24     0.263      0.473      0.491      0.368
   36/99     542/542     0.345     0.145      0.41    0.0563     0.956        25     0.272       0.47      0.475      0.369
   37/99     542/542     0.338     0.141     0.404    0.0505     0.933        26     0.265      0.433      0.489      0.387
   38/99     542/542      0.34     0.142     0.408    0.0567     0.946        24     0.264      0.437      0.468      0.361
   39/99     542/542     0.333     0.139     0.403     0.053     0.928        25     0.269      0.483       0.43      0.336
   40/99     542/542      0.33     0.138     0.398     0.047     0.912        26     0.263      0.418      0.486      0.365
   41/99     542/542     0.327     0.136     0.397    0.0498      0.91        25     0.263      0.459      0.466      0.348
   42/99     542/542     0.328     0.135     0.395    0.0448     0.902        26     0.266      0.451      0.496      0.378
   43/99     542/542     0.323     0.134     0.392    0.0486     0.898        26     0.264      0.464      0.506      0.391
   44/99     542/542     0.323     0.133     0.387    0.0468     0.889        26     0.264      0.444      0.492      0.371
   45/99     542/542     0.319     0.132     0.383    0.0464      0.88        25     0.264      0.451      0.482      0.356
   46/99     542/542     0.312      0.13     0.387     0.046     0.875        26     0.265      0.431      0.476      0.367
   47/99     542/542     0.316     0.132     0.388    0.0539     0.889        26     0.267      0.435      0.497      0.364
   48/99     542/542     0.315     0.133     0.387    0.0518     0.886        25     0.266      0.459      0.523      0.388
   49/99     542/542      0.31     0.128      0.38    0.0455     0.863        26     0.265      0.429      0.518       0.39
   50/99     542/542     0.311      0.13     0.378    0.0454     0.864        26     0.267      0.447      0.502      0.375
   51/99     542/542     0.308     0.127     0.381    0.0477     0.864        26     0.276      0.473      0.438      0.342
   52/99     542/542     0.307     0.128      0.38    0.0465     0.862        25     0.265      0.472      0.439      0.336
   53/99     542/542     0.302     0.127     0.374    0.0445     0.848        25     0.265      0.439      0.491      0.373
   54/99     542/542     0.297     0.124     0.371    0.0417     0.833        26     0.266      0.486      0.495      0.372
   55/99     542/542     0.298     0.123     0.369     0.043     0.834        26     0.268       0.47      0.497      0.375
   56/99     542/542     0.299     0.125     0.371    0.0461     0.841        26     0.265      0.441      0.509      0.383
   57/99     542/542     0.294     0.125     0.373    0.0442     0.835        25      0.27      0.461      0.505       0.37
   58/99     542/542     0.297     0.122     0.363    0.0422     0.825        26     0.265      0.471      0.492      0.379
   59/99     542/542     0.288     0.121     0.366    0.0414     0.817        26      0.27      0.494      0.482      0.369
   60/99     542/542     0.288      0.12     0.364    0.0402     0.813        25     0.266      0.431      0.504      0.376
   61/99     542/542     0.281     0.118     0.357    0.0422     0.799        26     0.268      0.486      0.486      0.369
   62/99     542/542     0.284     0.118     0.358    0.0381     0.799        25     0.267      0.466      0.493      0.363
   63/99     542/542     0.282     0.116      0.36    0.0401     0.797        26     0.265      0.487      0.494      0.375
   64/99     542/542     0.282     0.117     0.355    0.0381     0.791        25     0.265      0.479      0.483      0.368
   65/99     542/542     0.276     0.114     0.352    0.0355     0.777        25     0.281      0.456      0.481      0.365
   66/99     542/542     0.277     0.116     0.352    0.0397     0.785        26     0.265      0.478      0.463      0.356
   67/99     542/542     0.278     0.115      0.35    0.0443     0.787        26     0.277      0.471      0.484      0.372
   68/99     542/542     0.276     0.114     0.345    0.0408     0.776        25     0.266      0.518       0.48      0.376
   69/99     542/542     0.275     0.114     0.347    0.0365     0.772        26     0.264      0.464      0.483      0.371
   70/99     542/542     0.271     0.113     0.346     0.037     0.768        25     0.263      0.506      0.471      0.358
   71/99     542/542     0.271     0.113     0.346     0.036     0.766        25     0.268      0.491       0.48      0.359
   72/99     542/542     0.271     0.111     0.345    0.0345     0.762        26     0.265      0.493      0.484      0.352
   73/99     542/542      0.27     0.111     0.343    0.0354     0.759        25     0.265      0.479      0.495      0.374
   74/99     542/542     0.267     0.111     0.343     0.036     0.757        26     0.264      0.515      0.466      0.358
   75/99     542/542     0.264     0.109     0.343     0.033     0.749        26     0.267       0.46      0.466      0.349
   76/99     542/542     0.262      0.11     0.342    0.0347     0.748        25     0.266      0.497      0.489      0.378
   77/99     542/542     0.265     0.111     0.339    0.0342      0.75        26     0.264      0.466      0.469      0.361
   78/99     542/542     0.265      0.11     0.342    0.0401     0.758        25     0.265      0.488      0.468       0.35
   79/99     542/542     0.265     0.111     0.343    0.0388     0.758        26     0.268      0.509      0.464      0.358
   80/99     542/542      0.26     0.109     0.342    0.0383     0.749        26     0.266      0.525      0.466      0.357
   81/99     542/542     0.259     0.108     0.333    0.0342     0.735        25     0.265      0.476      0.463      0.354
   82/99     542/542     0.258     0.108     0.339    0.0358     0.741        26     0.282      0.488      0.474      0.355
   83/99     542/542     0.263      0.11     0.337    0.0395     0.749        25     0.265       0.51      0.464       0.35
   84/99     542/542     0.259     0.108     0.332     0.034     0.732        25     0.271      0.491        0.5      0.371
   85/99     542/542     0.261      0.11     0.334    0.0369     0.742        26      0.28      0.477      0.479      0.359
   86/99     542/542     0.254     0.105     0.333    0.0315     0.724        26     0.266      0.476      0.441      0.331
   87/99     542/542     0.254     0.105      0.33    0.0341     0.724        25     0.266      0.484      0.468      0.347
   88/99     542/542     0.253     0.106     0.327    0.0348     0.721        25     0.264      0.509      0.463      0.354
   89/99     542/542     0.255     0.105     0.329    0.0357     0.725        26     0.266      0.485      0.466      0.359
   90/99     542/542     0.252     0.103     0.324    0.0314     0.711        24     0.266      0.501      0.487      0.368
   91/99     542/542     0.253     0.105     0.328    0.0345      0.72        25     0.265      0.503      0.478      0.368
   92/99     542/542     0.249     0.102     0.319    0.0321     0.703        26     0.263       0.53      0.457       0.36
   93/99     542/542     0.248     0.103     0.324     0.035     0.709        26     0.271      0.526      0.425      0.338
   94/99     542/542     0.244     0.103     0.323    0.0297       0.7        26     0.264      0.527       0.46      0.363
   95/99     542/542     0.245     0.102     0.318    0.0308     0.696        26     0.267      0.526      0.438      0.339
   96/99     542/542     0.245     0.102      0.32    0.0348     0.701        26     0.266      0.532      0.434      0.342
   97/99     542/542     0.245     0.102      0.32    0.0349     0.701        25     0.264      0.482      0.466      0.351
   98/99     542/542     0.246     0.103     0.318    0.0377     0.705        26     0.264      0.537      0.407      0.319
   99/99     542/542     0.242       0.1     0.315    0.0321      0.69        25     0.263      0.524       0.44      0.342
